XROTOR VERSION:  7.55
P2OriginalPropeller
!       Rho        Vsound       Rmu       Altitude
 1.225000E+00  3.402940E+02  1.780000E-05  0.000000E+00
!   TipRadius[m]   Airspeed[m-s]   Advance ratio    Rake
 3.750000E-01  1.000000E-01  1.273240E-03  0.000000E+00
!         XI0          XIW
 1.466667E-01  4.500000E-01
!  Naero
 1
!   Xisection
 0.000000E+00
!       A0deg        dCLdA        CLmax         CLmin
 0.000000E+00  5.730000E+00  1.150000E+00  -1.150000E+00
!  dCLdAstall     dCLstall      Cmconst         Mcrit
 -5.000000E-01  5.000000E-02  -1.000000E-01  8.000000E-01
!       CDmin      CLCDmin     dCDdCL^2
 1.200000E-02  0.000000E+00  2.270000E-02
!       REref        REexp
 1.600000E+05  -5.000000E-01
!LVDuct  LDuct   LWind
 T F F
! Nsections   Nblds
 30  2
!         r/R          C/R     Beta0deg         Ubody
 1.466667E-01     8.000000E-02     0.000000E+00     0.000000E+00
 1.674907E-01     1.040000E-01     4.280200E+00     0.000000E+00
 1.963307E-01     1.280000E-01     8.560400E+00     0.000000E+00
 2.329013E-01     1.520000E-01     1.284100E+01     0.000000E+00
 2.738293E-01     1.760000E-01     1.712100E+01     0.000000E+00
 3.170507E-01     2.000000E-01     2.140100E+01     0.000000E+00
 3.613413E-01     1.823307E-01     1.951800E+01     0.000000E+00
 4.059413E-01     1.668293E-01     1.797800E+01     0.000000E+00
 4.503307E-01     1.547200E-01     1.669000E+01     0.000000E+00
 4.941493E-01     1.451200E-01     1.559200E+01     0.000000E+00
 5.371200E-01     1.374293E-01     1.464100E+01     0.000000E+00
 5.790000E-01     1.311893E-01     1.380600E+01     0.000000E+00
 6.196000E-01     1.260613E-01     1.306600E+01     0.000000E+00
 6.587493E-01     1.217707E-01     1.240500E+01     0.000000E+00
 6.963093E-01     1.180907E-01     1.181100E+01     0.000000E+00
 7.321307E-01     1.147893E-01     1.127500E+01     0.000000E+00
 7.661013E-01     1.116587E-01     1.079200E+01     0.000000E+00
 7.981013E-01     1.084800E-01     1.035500E+01     0.000000E+00
 8.280293E-01     1.050000E-01     9.961200E+00     0.000000E+00
 8.558000E-01     1.009893E-01     9.607000E+00     0.000000E+00
 8.813093E-01     9.622933E-02     9.290500E+00     0.000000E+00
 9.044907E-01     9.052000E-02     9.009500E+00     0.000000E+00
 9.252800E-01     8.372000E-02     8.762600E+00     0.000000E+00
 9.436000E-01     7.576267E-02     8.548600E+00     0.000000E+00
 9.594000E-01     6.665600E-02     8.366600E+00     0.000000E+00
 9.726507E-01     5.649333E-02     8.215900E+00     0.000000E+00
 9.832907E-01     4.544267E-02     8.096000E+00     0.000000E+00
 9.912987E-01     3.379733E-02     8.006400E+00     0.000000E+00
 9.966507E-01     2.213067E-02     7.946800E+00     0.000000E+00
 9.993307E-01     1.236000E-02     7.917100E+00     0.000000E+00
!   URDuct
 1.000000E+00
