P2original                      
  n         V/wR         Btip            V          rpm          rho       mu*1e5       Vsound            h        P( W)         T(N)       Q(N-m)          eff
----------------------------------------------------------------------------------------------------------------------------------------------------------------
  1  0.12732E-02  -5.0000      0.10000E+00   2000.0       1.1430       1.7800       340.29       0.0000       40.492      0.55171      0.19333      0.13625E-02
  2  0.12732E-02  -4.0000      0.10000E+00   2000.0       1.1430       1.7800       340.29       0.0000       42.190       1.6000      0.20143      0.37923E-02
  3  0.12732E-02  -3.0000      0.10000E+00   2000.0       1.1430       1.7800       340.29       0.0000       45.040       2.8536      0.21504      0.63358E-02
  4  0.12732E-02  -2.0000      0.10000E+00   2000.0       1.1430       1.7800       340.29       0.0000       49.365       4.2326      0.23569      0.85742E-02
  5  0.12732E-02 -1.00000      0.10000E+00   2000.0       1.1430       1.7800       340.29       0.0000       55.248       5.6980      0.26378      0.10314E-01
  6  0.12732E-02   0.0000      0.10000E+00   2000.0       1.1430       1.7800       340.29       0.0000       62.705       7.2270      0.29938      0.11526E-01
  7  0.12732E-02  1.00000      0.10000E+00   2000.0       1.1430       1.7800       340.29       0.0000       71.726       8.8049      0.34245      0.12276E-01
  8  0.12732E-02   2.0000      0.10000E+00   2000.0       1.1430       1.7800       340.29       0.0000       82.294       10.422      0.39291      0.12664E-01
  9  0.12732E-02   3.0000      0.10000E+00   2000.0       1.1430       1.7800       340.29       0.0000       94.388       12.069      0.45065      0.12787E-01
 10  0.12732E-02   4.0000      0.10000E+00   2000.0       1.1430       1.7800       340.29       0.0000       107.99       13.743      0.51559      0.12726E-01
 11  0.12732E-02   5.0000      0.10000E+00   2000.0       1.1430       1.7800       340.29       0.0000       123.07       15.438      0.58761      0.12543E-01
 12  0.12732E-02   6.0000      0.10000E+00   2000.0       1.1430       1.7800       340.29       0.0000       139.62       17.150      0.66663      0.12283E-01
 13  0.12732E-02   7.0000      0.10000E+00   2000.0       1.1430       1.7800       340.29       0.0000       157.62       18.877      0.75257      0.11976E-01
 14  0.12732E-02   8.0000      0.10000E+00   2000.0       1.1430       1.7800       340.29       0.0000       177.05       20.616      0.84533      0.11644E-01
 15  0.12732E-02   9.0000      0.10000E+00   2000.0       1.1430       1.7800       340.29       0.0000       197.90       22.366      0.94485      0.11302E-01
 16  0.12732E-02  10.0000      0.10000E+00   2000.0       1.1430       1.7800       340.29       0.0000       220.14       24.125       1.0511      0.10959E-01
 17  0.12732E-02   11.000      0.10000E+00   2000.0       1.1430       1.7800       340.29       0.0000       243.77       25.890       1.1639      0.10621E-01
 18  0.12732E-02   12.000      0.10000E+00   2000.0       1.1430       1.7800       340.29       0.0000       268.77       27.662       1.2832      0.10292E-01
